url,label,page_length_chars,text_to_html_ratio,script_entropy_avg,num_scripts,inline_script_ratio,num_obfuscated_scripts,max_script_length,num_forms,has_password_field,num_hidden_inputs,total_input_fields,num_forms_external_action,suspicious_input_name_count,credential_placeholder_count,num_images,image_alt_anomaly_ratio,external_css_count,external_js_count,num_external_links,ip_link_count,mailto_link_count,num_meta_refresh,base_tag_domain_mismatch,canonical_domain_mismatch,og_url_domain_mismatch,favicon_domain_mismatch,inline_event_handler_count,suspicious_keyword_density,mixed_protocol_reference_count
https://posta-d5012.firebaseapp.com/,0,2177,0.007,0,10,0.0,0,0,0,0,0,0,0,0,0,0,0.0,1,4,0,0,0,0,0,0,0,1,2,0.0,0
https://case7710452-appeal-review.web.app/,0,21265,0.015,0,0,0.0,0,0,0,0,0,0,0,0,0,1,1.0,1,0,2,0,0,0,0,0,0,0,1,0.0,0
https://www.wbritt.com,1,75847,0.018,4.78,50,0.64,0,6992,6,0,0,10,4,4,0,6,0.667,0,4,12,0,2,0,0,0,0,0,34,0.00881,10
https://www.midlifemommyadventures.com,1,86129,0.223,4.874,35,0.6,0,2367,1,0,5,8,1,0,0,31,0.097,12,11,28,0,0,0,0,0,0,0,23,0.00029,41
https://www.roomerresume.com,1,88672,0.02,5.0,36,0.194,0,2047,0,0,0,0,0,0,0,14,0.714,5,0,5,0,0,0,0,0,0,0,19,0.00361,4
https://www.jimbtucker.com,1,250540,0.018,4.983,39,0.487,0,3599,0,0,0,0,0,0,0,8,0.875,2,0,13,0,0,0,0,0,0,0,29,0.0,6
https://www.worldcall.net.pk,1,80278,0.052,5.035,26,0.154,0,407,0,0,0,0,0,0,0,83,0.0,4,2,39,0,2,0,0,0,0,0,8,0.00485,12
https://www.timteeman.com,1,32041,0.06,4.865,20,0.5,0,3414,0,0,0,0,0,0,0,2,0.0,1,1,3,0,0,0,0,0,0,0,20,0.0,2
https://www.passivehouse-international.org,1,36647,0.118,4.662,12,0.667,0,738,0,0,0,0,0,0,0,24,0.083,0,0,35,0,0,0,0,0,0,0,2,0.00165,5
https://www.samouraiwallet.com,1,262721,0.0,0,0,0.0,0,0,0,0,0,0,0,0,0,1,0.0,0,0,0,0,0,0,0,0,0,0,1,0.0,0
http://www.cust1.blocktrail.com,0,403,0.677,0,0,0.0,0,0,0,0,0,0,0,0,0,0,0.0,0,0,0,0,0,0,0,0,0,0,0,0.0,0
https://www.remodelandolacasa.com,1,278820,0.024,4.749,36,0.75,1,46066,1,0,0,2,0,0,0,27,0.667,9,9,33,0,0,0,0,0,0,0,82,0.0,114
https://www.actualidadiphone.com,1,385332,0.01,4.967,27,0.556,1,85319,2,0,3,9,0,0,0,43,0.512,0,1,31,0,0,0,0,0,0,0,78,0.00165,31
https://www.awpwriter.org,1,133912,0.08,4.785,33,0.667,1,13226,1,0,56,68,0,1,0,30,0.7,0,1,11,0,0,0,0,1,0,0,49,0.0,1
https://selective-smiling-check.glitch.me/,0,228794,0.001,0,0,0.0,0,0,0,0,0,0,0,0,0,1,1.0,0,0,1,0,0,0,0,0,0,0,1,0.0,0
https://www.philopress.com,1,29494,0.032,4.921,17,0.353,0,565,0,0,0,0,0,0,0,5,1.0,1,0,2,0,0,0,0,0,0,0,5,0.00658,1
https://www.cardinalburke.com,1,139562,0.02,4.922,43,0.558,0,3698,4,0,40,56,0,0,0,14,0.0,9,19,27,0,0,0,0,1,1,1,50,0.00216,15
https://www.performancehorseblankets.com,1,801567,0.018,4.781,88,0.716,0,46390,19,0,18,56,0,0,0,108,0.722,0,8,7,0,1,0,0,0,0,0,57,0.00204,161
https://demo2.cloudwp.dev/trial-22vy202w/wp-content/dhl-en-final/en/dhl/index.php,0,11713,0.047,5.33,1,1.0,0,5917,0,0,0,0,0,0,0,2,1.0,0,0,2,0,0,0,0,0,0,0,3,0.06818,0
http://www.sussexscaffoldingsupplies.co.uk,0,435242,0.04,4.94,42,0.381,0,9599,2,0,4,6,2,0,0,44,0.068,1,26,431,0,1,0,0,1,1,1,54,0.00147,0
https://www.sofia-code.org,1,43935,0.046,5.118,20,0.35,0,7199,1,0,0,1,0,0,0,14,0.143,2,2,4,0,0,0,0,0,0,0,26,0.0,20
https://thtimeoutyan100.weeblysite.com/,0,1547,0.036,0,0,0.0,0,0,0,0,0,0,0,0,0,0,0.0,0,0,0,0,0,0,0,0,0,0,0,0.0,0
https://www.shrisidhdataashram.org,1,23378,0.132,4.198,7,0.429,0,699,0,0,0,0,0,0,0,27,1.0,0,0,14,0,0,0,0,0,0,0,10,0.00216,7
http://www.badbigbearr.com,0,657,0.189,0,0,0.0,0,0,0,0,0,0,0,0,0,0,0.0,0,0,0,0,0,0,0,0,0,0,0,0.0,0
https://www.fena.ba,1,51479,0.089,4.586,16,0.75,0,1600,0,0,0,0,0,0,0,65,0.938,1,2,9,0,0,0,0,0,1,0,68,0.0,0
https://www.thecinemaspot.com,1,229277,0.023,5.1,70,0.4,0,18521,2,0,0,4,0,0,0,45,0.133,0,4,13,0,0,0,0,0,0,0,67,0.00112,22
https://www.inzhoop.com,1,22848,0.157,4.128,13,0.231,0,922,2,0,2,3,1,2,0,12,0.167,1,3,18,0,3,0,0,0,0,0,12,0.00524,0
https://www.theglobaljournal.net,1,29915,0.174,4.281,27,0.296,1,1287,2,0,1,2,0,0,0,20,0.15,1,3,8,0,0,0,0,0,0,0,2,0.00483,18
https://www.printphoto.in,1,103481,0.013,3.541,33,0.727,0,8351,0,0,1,1,0,0,0,35,0.029,4,6,19,0,0,0,0,0,0,0,7,0.00524,1
http://sacitau00.webcindario.com,0,2624,0.062,5.276,1,1.0,0,344,0,0,0,0,0,0,0,0,0.0,0,0,1,0,0,1,0,0,0,0,1,0.0,0
https://www.portofcolumbia.org,1,139243,0.045,4.968,58,0.397,0,20075,1,0,0,2,1,0,0,11,0.909,26,33,69,0,2,0,0,1,1,1,34,0.00099,9
http://lunar-island-archduke.glitch.me/pople.html,0,228794,0.001,0,0,0.0,0,0,0,0,0,0,0,0,0,1,1.0,0,0,1,0,0,0,0,0,0,0,1,0.0,0
https://csb-0hso02.netlify.app/,0,50,1.0,0,0,0.0,0,0,0,0,0,0,0,0,0,0,0.0,0,0,0,0,0,0,0,0,0,0,0,0.0,0
https://www.enibas.com,1,438526,0.011,4.687,86,0.709,1,21242,10,0,36,40,0,1,0,25,1.0,1,16,10,0,1,0,0,0,0,0,104,0.00134,10
https://www.beautynfashionblog.com,1,267968,0.019,5.042,38,0.711,1,32004,2,0,0,2,2,0,0,8,0.25,10,1,201,0,1,0,0,1,1,1,66,0.0011,15
https://www.husd.k12.ca.us,1,102416,0.156,4.912,12,0.583,0,921,2,0,0,2,2,0,0,6,0.0,0,2,87,0,0,0,0,1,1,1,17,0.00803,5
https://www.islandreal.com,1,2197,0.067,4.822,2,0.5,0,424,1,0,1,1,0,0,0,0,0.0,0,1,0,0,0,0,0,0,0,0,1,0.04348,0
https://www.collegemocktrial.org,1,13948,0.247,4.851,11,0.545,0,341,1,0,1,3,0,0,0,8,0.0,0,3,1,0,0,0,0,0,0,0,6,0.00362,0
https://www.indexjournal.com,1,463842,0.024,4.302,82,0.659,0,4973,5,0,14,22,0,0,0,67,0.06,8,23,37,0,1,0,0,0,0,0,44,0.00357,25
https://www.tolongsiki.com,1,35327,0.209,4.726,4,0.25,0,964,1,0,0,1,0,0,0,9,0.0,8,1,25,0,0,0,0,0,0,0,4,0.00078,10
