URL,label,dom_max_depth,dom_total_nodes,dom_avg_branching_factor,dom_max_children_per_node,dom_iframe_count,dom_iframe_max_nesting,dom_form_count,dom_hidden_input_count,dom_forms_external_action_ratio,dom_script_count,dom_suspicious_script_count,dom_popup_indicators,dom_hover_url_mismatch_count,dom_mixed_content_count,dom_external_resource_count,dom_cross_origin_iframe_count,dom_hidden_element_ratio,dom_clickable_without_href_count,dom_keyboard_event_on_password_count,dom_autocomplete_off_password_count,dom_setTimeout_or_setInterval_presence,dom_mutation_observer_presence,dom_service_worker_register_presence,dom_clipboard_access_presence,dom_download_link_count,dom_data_uri_image_count,dom_form_target_blank_count,dom_anchor_noopener_missing_ratio,dom_event_handler_attr_total,dom_third_party_domains_unique
https://storageapi.fleek.co/b620e7da-f4f5-4e6e-8d8e-8c4c3783180b-bucket/vat11/index.html#a@b.com,0,8,45,0.9777777777777777,9,0,0,0,0,0,3,0,False,0,0,0,0,0.35555555555555557,0,0,0,False,False,True,False,0,0,0,0,0,1
http://www.geoplugin.net,0,2,3,0.6666666666666666,2,0,0,0,0,0,0,0,False,0,0,0,0,0.3333333333333333,0,0,0,False,False,False,False,0,0,0,0,0,0
https://ewsd-c8b4a.firebaseapp.com/,0,4,19,0.9473684210526315,7,0,0,0,0,0,0,0,False,0,0,2,0,0.2631578947368421,0,0,0,False,False,True,False,0,1,0,0,0,3
https://www.freedomairguam.com,1,14,142,0.9929577464788732,73,0,0,0,0,0,46,2,False,0,0,22,0,0.6206896551724138,0,0,0,True,False,True,False,0,0,0,0,0,8
https://www.remolition.com,1,18,364,0.9972527472527473,32,0,0,0,0,0,12,0,False,0,0,1,0,0.13186813186813187,0,0,0,False,False,True,False,0,0,0,0,0,1
https://www.singaporeactually.com,1,10,204,0.9950980392156863,58,1,1,0,0,0,7,0,False,0,0,18,1,0.7009803921568627,0,0,0,False,False,True,False,0,0,0,0,0,9
https://www.quarum.com,1,29,815,0.9987730061349693,81,2,1,2,0,0.5,63,0,False,1,1,14,2,0.2588957055214724,0,0,0,False,False,True,False,0,0,1,0.8333333333333334,0,17
https://accepupdeting.start.page/,0,10,101,0.9900990099009901,20,0,0,0,0,0,3,0,False,0,0,9,0,0.2376237623762376,0,0,0,False,False,True,True,0,0,0,0,0,10
https://www.covenanteyes.com,1,21,1163,0.999140154772141,93,6,1,1,0,0,72,1,False,10,0,67,6,0.30360205831903947,0,0,0,False,True,True,False,0,18,0,0.8,0,42
https://86e345login.weebly.com/,0,7,21,0.9523809523809523,7,0,0,0,0,0,1,0,False,0,0,2,0,0.38095238095238093,0,0,0,False,False,True,False,0,0,0,0,0,1
https://shrtco.de/1d9yeo,0,3,9,0.8888888888888888,6,0,0,0,0,0,2,0,False,0,0,1,0,0.7777777777777778,0,0,0,False,False,True,False,0,0,0,0,0,1
https://www.edoweb-rlp.de,1,22,105,0.9904761904761905,35,0,0,1,0,0,21,0,False,1,0,3,0,0.3523809523809524,0,0,0,False,False,True,False,0,0,0,1,0,6
https://www.knwu.nl,1,15,742,0.9986522911051213,52,3,1,1,0,0,16,1,False,0,0,26,3,0.16442048517520216,0,0,0,False,False,True,False,0,0,0,0.95,0,22
https://www.psprs.com,1,24,1460,0.9993150684931507,62,1,1,2,0,0,42,1,False,3,0,6,1,0.41506849315068495,0,0,0,True,False,True,False,0,0,0,0.9285714285714286,0,12
https://www.dns-oarc.net,1,23,860,0.9988372093023256,105,0,0,1,0,0,0,0,False,6,0,1,0,0.16046511627906976,0,0,0,False,False,True,False,0,0,0,0,0,131
https://www.buckets.co,1,8,60,0.9833333333333333,9,0,0,0,0,0,4,0,False,0,0,3,0,0.3,0,0,0,False,False,True,False,0,0,0,0.3333333333333333,0,7
https://www.centurylink.com,1,19,1841,0.9994568169473113,114,17,1,16,40,0.1875,130,0,False,0,0,67,15,0.2313959804454101,9,0,0,False,True,True,False,0,0,0,0,16,60
http://www.thomasreany.com,0,3,11,0.9090909090909091,7,0,0,0,0,0,3,0,False,0,0,4,0,0.7272727272727273,0,0,0,False,False,True,False,0,0,0,0,0,3
http://www.silverbell.000space.com,0,2,3,0.6666666666666666,2,0,0,0,0,0,0,0,False,0,0,0,0,0.3333333333333333,0,0,0,False,False,False,False,0,0,0,0,0,0
https://www.cubaencuentro.com,1,18,1508,0.9993368700265252,40,2,0,1,11,0,18,0,False,0,0,12,2,0.04241219350563287,0,0,0,False,False,True,False,0,0,0,1,5,10
https://www.toddlahman.com,1,16,227,0.9955947136563876,63,0,0,2,2,0,31,0,False,0,1,6,0,0.43612334801762115,0,0,0,False,False,True,False,0,0,0,0,0,5
http://fti.unmerpas.ac.id/wp-admin/user/webgenkic/investopia/index.php?email=get@get.get,0,25,810,0.9987654320987654,106,0,0,1,0,0,38,1,False,4,0,7,0,0.48148148148148145,0,0,0,True,False,True,False,0,0,0,1,0,37
https://www.theurbantreehouse.com,1,9,70,0.9857142857142858,19,0,0,0,0,0,2,0,False,0,0,2,0,0.15714285714285714,0,0,0,False,False,True,False,0,0,0,1,0,6
https://www.mrglitterati.com,1,6,21,0.9523809523809523,8,0,0,0,0,0,2,2,False,0,0,3,0,0.38095238095238093,0,0,0,True,False,True,False,0,0,0,0,0,2
https://www.smithfieldtimes.com,1,17,656,0.9984756097560976,70,0,0,3,2,0.3333333333333333,61,1,False,1,0,11,0,0.1875,1,0,0,True,False,True,True,0,0,1,0,2,10
https://www.remibrague.com,1,16,997,0.9989969909729187,46,0,0,0,0,0,8,0,False,0,0,26,0,0.06118355065195587,0,0,0,False,True,True,False,0,17,0,1,0,7
https://www.selectagents.gov,1,15,728,0.9986263736263736,41,0,0,2,6,1,19,1,False,3,0,5,0,0.1304945054945055,0,0,0,False,False,True,False,0,0,0,1,0,11
https://www.portcalls.com,1,20,1299,0.9992301770592764,89,2,0,1,0,0,51,3,False,3,0,57,2,0.17551963048498845,0,0,0,True,True,True,False,0,48,0,0,0,10
http://www.thor.blocktrail.com,0,2,3,0.6666666666666666,2,0,0,0,0,0,0,0,False,0,0,0,0,0.3333333333333333,0,0,0,False,False,False,False,0,0,0,0,0,0
https://www.essl.at,1,13,118,0.9915254237288136,13,0,0,1,3,1,2,0,False,0,0,1,0,0.16101694915254236,0,0,0,False,False,True,False,0,0,0,1,2,1
https://www.magyarulbabelben.net,1,23,1592,0.9993718592964824,41,0,0,3,4,0,10,0,False,0,0,4,0,0.01507537688442211,6,0,0,False,False,True,False,0,0,0,1,9,6
http://www.tzafrir.org.il,0,2,3,0.6666666666666666,2,0,0,0,0,0,0,0,False,0,0,0,0,0.3333333333333333,0,0,0,False,False,False,False,0,0,0,0,0,0
https://www.pancrase.co.jp,1,11,332,0.9969879518072289,34,1,1,0,0,0,16,0,False,0,0,11,0,0.21084337349397592,0,0,0,False,False,True,False,0,0,0,1,0,20
https://www.zentao.pm,1,19,829,0.9987937273823885,32,1,0,1,0,0,13,0,False,1,0,13,1,0.08443908323281062,0,0,0,False,False,True,False,0,0,0,1,1,27
https://www.phillipsfoods.com,1,13,1038,0.9990366088631984,54,3,1,0,0,0,34,1,False,0,0,55,3,0.15028901734104047,0,0,0,False,False,True,False,0,44,0,0.5,0,18
https://www.consolecity.com,1,11,71,0.9859154929577465,7,0,0,0,0,0,1,0,False,0,0,0,0,0.14084507042253522,0,0,0,False,False,True,False,0,0,0,0,0,2
https://www.northernirelandchamber.com,1,20,1649,0.9993935718617344,104,5,1,4,13,0.25,75,2,False,1,0,84,5,0.15160703456640387,1,0,0,True,True,True,False,0,45,0,1,1,47
